SAT with the following box:
                    x_0_0 : [1, 1];
                    x_0_t : [-0.4482500906309668, -0.4479442209035625];
                    y_0_0 : [-0.1, -0.09999999999999999];
                    y_0_t : [0.540727161103467, 0.5409207367112696];
                   mode_0 : [0, 0];
                   qq_0_0 : [0, 0];
                   qq_0_t : [4, 4.000534231039467]
                   time_0 : [3.99996872020131, 4.000534231039467];
                  dam_0_0 : [0.1, 0.1000000000000001];
                  dam_0_t : [0.1, 0.1000000000000001];
                  omm_0_0 : [1, 1];
                  omm_0_t : [1, 1];

